1877,25.045122,13.010039
1873,25.189435,13.059733
1488,25.405447,13.051512
1491,25.522114,13.056533
1496,25.177572,13.258574
1487,25.343192,13.246323
1493,25.523967,13.1509
1881,25.259778,13.334478
1489,25.4628,13.416689
1876,25.086167,13.168167
1495,25.171719,13.188101
1882,25.116353,13.093439
1884,25.212607,13.134852
1872,25.153131,12.979906
1485,25.230466,13.225214
700,22.980307,10.880046
763,23.160282,12.395189
756,23.308675,12.398589
750,24.29392,13.073048
1860,25.234486,13.56155
1605,25.524023,13.574098
1599,25.74389,13.633366
1946,24.71863,13.7423
1859,24.85386,13.72376
1507,24.970845,13.775664
1557,25.438264,13.724098
1586,25.667218,13.763363
1590,25.749726,13.707915
1864,26.049998,13.716838
1944,24.79831,13.92386
1500,24.901485,13.901311
1544,25.208842,13.873611
1542,25.336483,13.911947
1549,25.511486,13.828627
1593,25.707809,13.913258
1510,25.0159,14.035
1533,25.237428,14.063964
1529,25.202859,14.141302
6108101,25.30618036,13.47562213
6108103,25.30967504,13.4816751
6108104,25.28521228,13.48772806
6108105,25.29220164,13.48772806
6108106,25.299191,13.48772806
6108107,25.30618036,13.48772806
6108108,25.31316972,13.48772806
6108109,25.28870696,13.49378103
6108110,25.29569632,13.49378103
6108111,25.30268568,13.49378103
6108112,25.30967504,13.49378103
6108113,25.28521228,13.49983399
6108114,25.29220164,13.49983399
6108115,25.299191,13.49983399
6108116,25.30618036,13.49983399
6108117,25.29569632,13.50588695
6108201,25.34401354,13.58142095
6108202,25.33371114,13.59926522
6108203,25.35431593,13.59926522
6108204,25.32340874,13.61710949
6108205,25.34401354,13.61710949
6108206,25.36461833,13.61710949
6108207,25.38522312,13.61710949
6108208,25.33371114,13.63495377
6108209,25.35431593,13.63495377
6108210,25.37492073,13.63495377
6108211,25.34401354,13.65279804
6108212,25.36461833,13.65279804
6108213,25.35431593,13.67064232
6108214,25.37492073,13.67064232
6108215,25.31560793,13.58694194
6108216,25.37274728,13.59987857
1321,26.77039501,11.77353383
1315,26.42224559,11.90282332
1347,26.72914012,11.94413988
1330,26.88631607,11.89066962
1339,27.08445862,11.89670676
1290,26.59052992,12.04842537
1308,26.90876339,12.08189246
1331,26.96211419,11.82121884
1322,27.05326748,12.03930153
1335,26.98082878,11.98469847
1291,26.61522321,11.88714744
1301,26.96830334,11.8900679
1304,27.07962021,12.01650901
1289,27.06421921,11.82559722
1325,26.81984866,11.82580715
1326,26.6560342,12.00738855
1630,26.942149,14.762899
1638,26.239174,14.800285
1624,25.38879,14.733289
1640,25.870097,14.744781
904,26.5706061,14.83095539
898,26.71893786,14.8902088
892,26.89848759,14.9314371
1642,26.560817,15.021997
1611,26.968652,15.168657
1623,26.053146,15.391021
903,26.20041169,15.12103194
1612,26.558178,15.325844
1616,26.247936,15.587918
1610,26.52433,15.52143
792,23.364765,11.749764
787,23.466036,12.009402
793,23.268866,12.055984
815,23.41408358,13.55485
812,23.35849481,13.7422162
806,23.52589394,13.71758097
838,23.69596883,13.76742488
866,23.90811171,13.73199208
836,23.42057169,13.89341032
828,23.59643673,13.85354237
868,23.82927905,13.76928229
1989,24.09889,13.930592
854,23.35068202,13.9758098
850,23.59941297,14.02854817
788,23.740353,11.818678
839,23.55885342,13.67326858
844,23.39244765,13.65463733
829,23.30455822,13.70208595
804,23.40852466,13.8242335
841,23.51673734,13.8020153
843,23.48636935,13.60921654
780,23.704517,11.880583
1868,26.481043,12.063748
1220,26.78569995,12.07250584
1869,26.293,12.351003
1870,26.433173,12.249998
1221,26.69700512,12.29077362
1229,26.84830526,12.27389219
1231,27.05222241,12.2789432
1867,26.147381,12.516103
1282,26.61787151,12.37676662
1278,26.7541404,12.40922526
1232,26.93642528,12.37392366
1261,26.62401216,12.53292156
1246,26.66810738,12.59727356
1251,26.79603187,12.62107851
1281,27.05978417,12.61856417
1265,26.62328279,12.68618594
1264,26.78426468,12.74178501
1250,26.89515554,12.6790088
1260,26.8042339,12.85987616
1280,26.86127739,12.88735645
1249,26.93523455,12.86989216
1853,22.881422,14.572958
1926,23.117099,14.621734
1833,22.956602,14.734557
1828,22.887666,14.889912
1821,23.007929,14.927564
1919,23.168658,14.94145
1835,22.79972,15.00035
1847,22.940866,15.027221
1848,22.915578,15.100091
1820,23.093371,15.230301
1819,23.191106,15.223187
1814,23.001031,15.293595
1834,22.922134,14.65638
1817,22.908272,15.008863
1829,22.884419,14.706334
1917,23.243078,15.154828
2008,25.969857,13.923112
2006,26.116729,13.890682
1526,26.30930651,13.99666863
1120,26.01558237,13.96012291
1524,26.38793419,14.06948637
1525,26.42318107,14.06019049
2013,26.265151,14.114804
1518,26.36585647,14.10202196
1527,26.4208571,13.97575289
1125,26.00505735,13.91149073
1514,26.09628414,13.93345143
1517,26.20860112,14.09543738
1963,23.837779,13.552985
1978,24.00181,13.542607
1996,24.156134,13.598846
2003,24.41986,13.616313
1964,24.09889,13.726055
1991,24.596676,13.765891
1970,24.162159,13.837864
1971,24.368705,13.736432
1992,24.181575,13.691909
1974,23.964317,13.673498
2000,24.200506,13.389626
1969,24.10931,13.51914
2002,24.272578,13.661285
1980,24.350011,13.516864
1981,24.04013,13.45211
1958,24.131362,13.552315
1960,23.878402,13.622437
1174,25.90587698,12.6639456
1178,25.82154721,12.75086057
1162,25.94705621,12.7144569
1175,26.19723482,12.84079885
1937,25.733578,12.941986
1182,25.92073837,12.9038209
1179,26.11069726,12.89732132
1186,25.86380634,13.05552136
1127,26.02470542,13.03684652
1185,26.10778529,13.03644686
1929,25.64011,13.29841
1144,25.96172437,13.18539933
1181,26.09559965,13.24101261
1208,26.16182796,13.301346
1928,25.62665,13.373183
1192,25.93740884,13.35359679
1197,26.0187539,13.44588413
1200,26.15556158,13.39994542
1210,25.91365584,13.54853243
1212,26.09888932,13.57858354
1923,23.412223,14.331408
1830,23.249,14.653
1808,23.583515,14.697133
1925,23.23655,14.736228
1921,23.324169,14.9796
1906,23.629375,14.868686
1909,23.244319,15.094314
1905,23.623821,15.094512
1783,23.71688,15.066848
1816,23.377,15.235
1901,23.53063,15.22422
1782,23.78739,15.32822
1899,23.457041,15.413937
1903,23.516666,15.35
1898,23.611596,15.353005
1858,23.35,15.151
1692,24.584553,13.955729
1693,24.325748,14.127964
1688,24.640165,14.11565
1703,24.867222,14.080278
1756,24.14593,14.256719
1752,24.447965,14.273889
1763,24.594069,14.234746
1738,24.765433,14.24658
1727,24.894468,14.203569
1681,24.300833,14.386944
1767,24.496111,14.412778
1728,24.717691,14.373214
1761,25.050972,14.381335
1766,24.843423,14.55323
1710,25.105256,14.652067
1697,24.585335,14.606856
1757,24.953439,14.929649
1680,25.239863,15.028399
2067,25.05825505,15.71845501
2053,24.28382398,15.70433608
2069,24.59581321,15.71547836
1110,24.55479266,14.13909395
933,25.68506295,14.07452929
942,25.81557547,14.03862767
965,25.39675514,14.18073678
919,25.64125636,14.25552002
920,25.74853137,14.22827997
963,25.89725254,14.21517955
906,26.08113418,14.27457411
909,25.3470467,14.38529627
971,25.64813597,14.32229986
979,25.80367004,14.39737093
980,26.02072001,14.39131033
915,26.0783093,14.38061944
1644,25.670278,14.502778
1650,25.881389,14.493889
1632,26.037833,14.600814
973,25.85577274,14.30869467
964,25.95707441,14.29993009
1089,23.25824152,13.32431921
984,23.26594053,13.55152526
1109,23.628649,13.55778969
1016,23.24398914,13.84563143
1022,23.69636932,13.55151105
1045,23.35970004,13.55860732
1065,23.26749196,13.50103569
1061,23.29550393,13.64980504
1006,23.17992603,13.54478488
1069,23.34922604,13.49540393
1046,23.26386676,13.44694631
1010,23.22575358,13.61028355
1085,23.72376871,13.60561928
1054,23.29777807,13.47136468
1081,23.65837843,13.61853795
1100,23.73895147,13.48545711
1034,23.80090996,13.44481337
2036,24.784294,13.318664
2041,24.965753,13.236128
2021,24.750667,13.438
2034,24.875788,13.356304
2045,24.979136,13.350538
2040,24.614031,13.526308
2051,24.850833,13.523611
2035,24.976269,13.582477
642,24.334945,13.159636
2018,24.9,13.45
2046,24.900163,13.326418
2015,24.815333,13.467333
2049,24.904612,13.499825
2019,24.915288,13.453581
2022,24.758167,13.477667
2038,24.686039,13.144925
2020,24.873333,13.594722
2044,24.8575,13.324167
1784,23.962124,14.435352
1801,23.832867,14.669578
1787,24.036337,14.51772
1781,24.224694,14.622544
1803,23.950001,14.75
1799,23.995048,14.66558
1779,24.280085,14.72953
1798,23.8909,14.848296
1774,24.182222,14.884722
1804,23.900003,14.966861
1806,24.066668,15.033334
1776,24.270833,15.076111
1775,24.093004,15.195549
1768,24.282575,15.317077
1771,24.004738,15.448836
1392,26.60207222,13.06029274
1447,26.87348669,13.13400521
1393,26.64257727,13.15421957
1462,27.04598395,13.21624873
1457,27.30917599,13.22219126
1408,26.57655742,13.41312249
1449,26.77424113,13.46038421
1442,27.04279131,13.34376805
1440,27.29392264,13.47859235
1420,26.55521977,13.61781544
1424,26.63194379,13.56920181
1432,26.77849312,13.58730555
1382,27.05285234,13.60085388
1381,27.23444341,13.57940024
1403,27.48466487,13.5851317
1412,26.47863587,13.73190983
1480,26.61935308,13.75948926
1443,26.95091307,13.69492971
1458,27.13131398,13.73150262
1375,27.34629463,13.74217136
1409,26.69479683,13.74953553
1475,27.19903787,13.79969923
1389,27.35347316,13.80686149
1370,26.5220253,13.86437117
1360,26.61040609,13.33740853
10970,27.21618902,14.06177243